6-0 0 2 2 + 2-2 0
1 2
2 3
3 4
4 5
5 6
1 6
1 4
3 5
2 6
101 101
101 101
102 102
102 102
101 102

6-K3,3 + 2-2 0
1 4
1 5
1 6
2 4
2 5
2 6
3 4
3 5
3 6
101 101
101 101
102 102
102 102
101 102

6-0 1 + 2-2 0
1 2
2 3
3 4
4 5
5 6
1 6
1 6
2 4
3 5
101 101
101 101
102 102
102 102
101 102

6-0 2 0 + 2-2 0
1 2
2 3
3 4
4 5
5 6
1 6
1 6
2 5
3 4
101 101
101 101
102 102
102 102
101 102

6-0 2 4 + 2-2 0
1 2
2 3
3 4
4 5
5 6
1 2
1 3
4 6
5 6
101 101
101 101
102 102
102 102
101 102

6-0 3 + 2-2 0
1 2
2 3
3 4
4 5
5 6
1 6
1 2
3 4
5 6
101 101
101 101
102 102
102 102
101 102

6-1 0 + 2-2 0
1 2
2 3
3 4
4 5
5 6
2 6
3 5
4 6
1 1
1 1
101 101
101 101
102 102
102 102
101 102

6-1 1 + 2-2 0
1 2
2 3
3 4
4 5
5 6
2 6
3 6
4 5
1 1
1 1
101 101
101 101
102 102
102 102
101 102

6-1 2 0 + 2-2 0
1 2
2 3
3 4
4 5
5 6
2 6
3 4
5 6
1 1
1 1
101 101
101 101
102 102
102 102
101 102

6-1 2 2 + 2-2 0
1 2
2 3
3 4
4 5
5 6
2 3
4 6
5 6
1 1
1 1
101 101
101 101
102 102
102 102
101 102

6-2 0 + 2-2 0
1 2
2 3
3 4
4 5
5 6
2 4
3 5
1 1
1 1
6 6
6 6
101 101
101 101
102 102
102 102
101 102

6-2 1 + 2-2 0
1 2
2 3
3 4
4 5
5 6
2 5
3 4
1 1
1 1
6 6
6 6
101 101
101 101
102 102
102 102
101 102

6-2 2 + 2-2 0
1 2
2 3
3 4
4 5
5 6
2 3
4 5
1 1
1 1
6 6
6 6
101 101
101 101
102 102
102 102
101 102

6-3 0 + 2-2 0
1 2
2 3
3 4
4 5
2 4
3 6
1 1
1 1
5 5
5 5
6 6
6 6
101 101
101 101
102 102
102 102
101 102

6-3 2 + 2-2 0
1 2
2 3
3 4
4 5
4 6
2 3
1 1
1 1
5 5
5 5
6 6
6 6
101 101
101 101
102 102
102 102
101 102

6-4 0 + 2-2 0
1 2
2 3
3 4
2 6
3 5
1 1
1 1
4 4
4 4
5 5
5 5
6 6
6 6
101 101
101 101
102 102
102 102
101 102

6-2 1 2 + 2-2 0
1 2
2 3
3 4
4 5
4 5
3 5
2 6
1 1
1 1
6 6
6 6
101 101
101 101
102 102
102 102
101 102

6-0 0 2 2 + 2-0 1
1 2
2 3
3 4
4 5
5 6
1 6
1 4
3 5
2 6
101 102
101 102
101 102

6-K3,3 + 2-0 1
1 4
1 5
1 6
2 4
2 5
2 6
3 4
3 5
3 6
101 102
101 102
101 102

6-0 1 + 2-0 1
1 2
2 3
3 4
4 5
5 6
1 6
1 6
2 4
3 5
101 102
101 102
101 102

6-0 2 0 + 2-0 1
1 2
2 3
3 4
4 5
5 6
1 6
1 6
2 5
3 4
101 102
101 102
101 102

6-0 2 4 + 2-0 1
1 2
2 3
3 4
4 5
5 6
1 2
1 3
4 6
5 6
101 102
101 102
101 102

6-0 3 + 2-0 1
1 2
2 3
3 4
4 5
5 6
1 6
1 2
3 4
5 6
101 102
101 102
101 102

6-1 0 + 2-0 1
1 2
2 3
3 4
4 5
5 6
2 6
3 5
4 6
1 1
1 1
101 102
101 102
101 102

6-1 1 + 2-0 1
1 2
2 3
3 4
4 5
5 6
2 6
3 6
4 5
1 1
1 1
101 102
101 102
101 102

6-1 2 0 + 2-0 1
1 2
2 3
3 4
4 5
5 6
2 6
3 4
5 6
1 1
1 1
101 102
101 102
101 102

6-1 2 2 + 2-0 1
1 2
2 3
3 4
4 5
5 6
2 3
4 6
5 6
1 1
1 1
101 102
101 102
101 102

6-2 0 + 2-0 1
1 2
2 3
3 4
4 5
5 6
2 4
3 5
1 1
1 1
6 6
6 6
101 102
101 102
101 102

6-2 1 + 2-0 1
1 2
2 3
3 4
4 5
5 6
2 5
3 4
1 1
1 1
6 6
6 6
101 102
101 102
101 102

6-2 2 + 2-0 1
1 2
2 3
3 4
4 5
5 6
2 3
4 5
1 1
1 1
6 6
6 6
101 102
101 102
101 102

6-3 0 + 2-0 1
1 2
2 3
3 4
4 5
2 4
3 6
1 1
1 1
5 5
5 5
6 6
6 6
101 102
101 102
101 102

6-3 2 + 2-0 1
1 2
2 3
3 4
4 5
4 6
2 3
1 1
1 1
5 5
5 5
6 6
6 6
101 102
101 102
101 102

6-4 0 + 2-0 1
1 2
2 3
3 4
2 6
3 5
1 1
1 1
4 4
4 4
5 5
5 5
6 6
6 6
101 102
101 102
101 102

6-2 1 2 + 2-0 1
1 2
2 3
3 4
4 5
4 5
3 5
2 6
1 1
1 1
6 6
6 6
101 102
101 102
101 102

4(2-2 0)
1 1
1 1
2 2
2 2
1 2
101 101
101 101
102 102
102 102
101 102
201 201
201 201
202 202
202 202
201 202
301 301
301 301
302 302
302 302
301 302

3(2-2 0) + 2-0 1
1 1
1 1
2 2
2 2
1 2
101 101
101 101
102 102
102 102
101 102
201 201
201 201
202 202
202 202
201 202
301 302
301 302
301 302

2(2-2 0) + 2(2-0 1)
1 1
1 1
2 2
2 2
1 2
101 101
101 101
102 102
102 102
101 102
201 202
201 202
201 202
301 302
301 302
301 302

2-2 0 +3(2-0 1)
1 1
1 1
2 2
2 2
1 2
101 102
101 102
101 102
201 202
201 202
201 202
301 302
301 302
301 302

4(2-0 1)
1 2
1 2
1 2
101 102
101 102
101 102
201 202
201 202
201 202
301 302
301 302
301 302

2(2-2 0) + 4-K4
101 101
101 101
102 102
102 102
101 102
201 201
201 201
202 202
202 202
201 202
1 2
1 3
1 4
2 3
2 4
3 4

2(2-2 0) + 4-0 2
101 101
101 101
102 102
102 102
101 102
201 201
201 201
202 202
202 202
201 202
1 2
2 3
3 4
4 1
1 2
3 4

2(2-2 0) + 4-1 1
101 101
101 101
102 102
102 102
101 102
201 201
201 201
202 202
202 202
201 202
1 2
2 3
1 3
1 3
2 4
4 4
4 4

2(2-2 0) + 4-2 1
101 101
101 101
102 102
102 102
101 102
201 201
201 201
202 202
202 202
201 202
1 1
1 1
1 2
2 3
2 3
3 4
4 4
4 4

2(2-2 0) + 4-3 0
101 101
101 101
102 102
102 102
101 102
201 201
201 201
202 202
202 202
201 202
1 2
1 3
1 4
2 2
2 2
3 3
3 3
4 4
4 4

2-2 0 + 2-0 1 + 4-K4
101 102
101 102
101 102
201 201
201 201
202 202
202 202
201 202
1 2
1 3
1 4
2 3
2 4
3 4

2-2 0 + 2-0 1 + 4-0 2
101 102
101 102
101 102
201 201
201 201
202 202
202 202
201 202
1 2
2 3
3 4
4 1
1 2
3 4

2-2 0 + 2-0 1 + 4-1 1
101 102
101 102
101 102
201 201
201 201
202 202
202 202
201 202
1 2
2 3
1 3
1 3
2 4
4 4
4 4

2-2 0 + 2-0 1 + 4-2 1
101 102
101 102
101 102
201 201
201 201
202 202
202 202
201 202
1 1
1 1
1 2
2 3
2 3
3 4
4 4
4 4

2-2 0 + 2-0 1 + 4-3 0
101 102
101 102
101 102
201 201
201 201
202 202
202 202
201 202
1 2
1 3
1 4
2 2
2 2
3 3
3 3
4 4
4 4

2(2-0 1) + 4-K4
101 102
101 102
101 102
201 202
201 202
201 202
1 2
1 3
1 4
2 3
2 4
3 4

2(2-0 1) + 4-0 2
101 102
101 102
101 102
201 202
201 202
201 202
1 2
2 3
3 4
4 1
1 2
3 4

2(2-0 1) + 4-1 1
101 102
101 102
101 102
201 202
201 202
201 202
1 2
2 3
1 3
1 3
2 4
4 4
4 4

2(2-0 1) + 4-2 1
101 102
101 102
101 102
201 202
201 202
201 202
1 1
1 1
1 2
2 3
2 3
3 4
4 4
4 4

2(2-0 1) + 4-3 0
101 102
101 102
101 102
201 202
201 202
201 202
1 2
1 3
1 4
2 2
2 2
3 3
3 3
4 4
4 4

4-K4 + 4-0 2
1 2
1 3
1 4
2 3
2 4
3 4
101 102
102 103
103 104
104 101
101 102
103 104

4-K4 + 4-1 1
1 2
1 3
1 4
2 3
2 4
3 4
101 102
102 103
101 103
101 103
102 104
104 104
104 104

4-K4 + 4-2 1
1 2
1 3
1 4
2 3
2 4
3 4
101 101
101 101
101 102
102 103
102 103
103 104
104 104
104 104

4-K4 + 4-3 0
1 2
1 3
1 4
2 3
2 4
3 4
101 102
101 103
101 104
102 102
102 102
103 103
103 103
104 104
104 104

4-0 2 + 4-1 1
1 2
2 3
3 4
4 1
1 2
3 4
101 102
102 103
101 103
101 103
102 104
104 104
104 104

4-0 2 + 4-2 1
1 2
2 3
3 4
4 1
1 2
3 4
101 101
101 101
101 102
102 103
102 103
103 104
104 104
104 104

4-0 2 + 4-3 0
1 2
2 3
3 4
4 1
1 2
3 4
101 102
101 103
101 104
102 102
102 102
103 103
103 103
104 104
104 104

4-1 1 + 4-2 1
1 2
2 3
1 3
1 3
2 4
4 4
4 4
101 101
101 101
101 102
102 103
102 103
103 104
104 104
104 104

4-1 1 + 4-3 0
1 2
2 3
1 3
1 3
2 4
4 4
4 4
101 102
101 103
101 104
102 102
102 102
103 103
103 103
104 104
104 104

4-2 1 + 4-3 0
1 1
1 1
1 2
2 3
2 3
3 4
4 4
4 4
101 102
101 103
101 104
102 102
102 102
103 103
103 103
104 104
104 104

2(4-K4)
1 2
1 3
1 4
2 3
2 4
3 4
101 102
101 103
101 104
102 103
102 104
103 104

2(4-0 2)
1 2
2 3
3 4
4 1
1 2
3 4
101 102
102 103
103 104
104 101
101 102
103 104

2(4-1 1)
1 2
2 3
1 3
1 3
2 4
4 4
4 4
101 102
102 103
101 103
101 103
102 104
104 104
104 104

2(4-2 1)
1 1
1 1
1 2
2 3
2 3
3 4
4 4
4 4
101 101
101 101
101 102
102 103
102 103
103 104
104 104
104 104

2(4-3 0)
1 2
1 3
1 4
2 2
2 2
3 3
3 3
4 4
4 4
101 102
101 103
101 104
102 102
102 102
103 103
103 103
104 104
104 104

Cube 0 0 0 6
1 2
2 3
3 4
4 5
5 6
6 7
7 8
1 8
2 7
3 6
1 4
5 8

Wagner 0 0 0 4
1 2
2 3
3 4
4 5
5 6
6 7
7 8
1 8
1 5
2 6
3 7
4 8

Twisted Bracelet 0 0 1
1 2
2 3
3 4
4 5
5 6
6 7
7 8
1 8
1 3
2 6
4 7
5 8

Bracelet 0 0 2
1 2
2 3
3 4
4 5
5 6
6 7
7 8
1 8
1 3
2 5
4 7
6 8

Diamonds 0 0 4
1 2
2 3
3 4
4 5
5 6
6 7
7 8
1 8
1 3
2 4
6 8
5 7

0 1 0
1 2
2 3
3 4
4 5
5 6
6 7
7 8
1 8
1 4
2 5
3 8
6 7

0 1 1
1 2
2 3
3 4
4 5
5 6
6 7
7 8
1 8
1 8
2 6
3 5
4 7

0 1 2 1
1 2
2 3
3 4
4 5
5 6
6 7
7 8
1 8
1 8
2 4
3 6
5 7

0 1 2 3
1 2
2 3
3 4
4 5
5 6
6 7
7 8
1 8
1 8
2 7
3 5
4 6

0 1 4
1 2
2 3
3 4
4 5
5 6
6 7
7 8
1 2
1 3
4 8
5 7
6 8

Eyeballs 0 2 0 1
1 2
2 3
3 4
4 5
5 6
6 7
7 8
1 8
1 8
2 6
3 7
4 5

0 2 0 5
1 2
2 3
3 4
4 5
5 6
6 7
7 8
1 8
1 8
2 7
3 6
4 5

0 2 1
1 2
2 3
3 4
4 5
5 6
6 7
7 8
1 8
1 8
2 6
3 4
5 7

0 2 2
1 2
2 3
3 4
4 5
5 6
6 7
7 8
1 8
1 3
2 4
5 6
7 8

0 2 3
1 2
2 3
3 4
4 5
5 6
6 7
7 8
1 4
1 5
2 3
6 8
7 8

Soup Can 0 3 0 0
1 2
2 3
3 4
4 5
5 6
6 7
7 8
1 2
1 6
3 8
4 5
7 8

0 3 0 2
1 2
2 3
3 4
4 5
5 6
6 7
7 8
1 8
1 2
3 8
4 5
6 7

0 3 2
1 2
2 3
3 4
4 5
5 6
6 7
7 8
1 2
1 3
4 8
5 6
7 8

0 3 4
1 2
2 3
3 4
4 5
5 6
6 7
7 8
1 2
1 3
4 5
6 8
7 8

0 4
1 2
2 3
3 4
4 5
5 6
6 7
7 8
1 8
1 2
3 4
5 6
7 8

1 0 0
1 2
2 3
3 4
4 5
5 6
6 7
7 8
1 1
1 1
2 6
3 8
4 7
5 8

1 0 1
1 2
2 3
3 4
4 5
5 6
6 7
7 8
1 1
1 1
3 6
4 8
5 7
2 8

1 0 2
1 2
2 3
3 4
4 5
5 6
6 7
7 8
1 1
1 1
2 6
3 8
4 8
5 7

Fish 1 0 3
1 2
2 3
3 4
4 5
5 6
6 7
7 8
1 1
1 1
2 4
3 8
5 7
6 8

1 1 0
1 2
2 3
3 4
4 5
5 6
6 7
7 8
1 1
1 1
2 5
3 6
4 8
7 8

1 1 1 1
1 2
2 3
3 4
4 5
5 6
6 7
7 8
1 1
1 1
2 5
3 8
4 8
6 7

1 1 1 3
1 2
2 3
3 4
4 5
5 6
6 7
7 8
1 1
1 1
2 8
3 8
4 7
5 6

1 1 2 1
1 2
2 3
3 4
4 5
5 6
6 7
7 8
1 1
1 1
2 8
3 5
4 6
7 8

1 1 2 3
1 2
2 3
3 4
4 5
5 6
6 7
7 8
1 1
1 1
2 3
4 8
5 7
6 8

1 1 4
1 2
2 3
3 4
4 5
5 6
6 7
7 8
1 1
1 1
2 4
3 5
6 8
7 8

1 2 0 0
1 2
2 3
3 4
4 5
5 6
6 7
7 8
1 1
1 1
2 6
3 8
4 5
7 8

1 2 0 2
1 2
2 3
3 4
4 5
5 6
6 7
7 8
1 1
1 1
3 6
4 5
7 8
8 2

1 2 1 0
1 2
2 3
3 4
4 5
5 6
6 7
7 8
1 1
1 1
2 8
3 8
4 5
6 7

1 2 1 2
1 2
2 3
3 4
4 5
5 6
6 7
7 8
1 1
1 1
2 3
4 8
5 8
6 7

1 2 2
1 2
2 3
3 4
4 5
5 6
6 7
7 8
1 1
1 1
2 5
3 4
6 8
7 8

1 2 4
1 2
2 3
3 4
4 5
5 6
6 7
1 2
1 3
4 8
8 8
8 8
5 7
6 7

1 3 0 0 0 0 0
1 2
2 3
3 4
4 5
5 6
6 7
7 8
1 1
1 1
2 3
4 5
6 8
7 8

1 3 0 0 4
1 2
2 3
3 4
4 5
5 6
6 7
7 8
1 1
1 1
2 3
4 8
5 6
7 8

1 3 0 0 0 0 8
1 2
2 3
3 4
4 5
5 6
6 7
7 8
1 1
1 1
2 8
3 4
5 6
7 8

2 0 0
1 2
2 3
3 4
4 5
5 6
6 7
7 8
1 1
1 1
2 5
3 6
4 7
8 8
8 8

2 0 1
1 2
2 3
3 4
4 5
5 6
6 7
7 8
1 1
1 1
2 6
3 5
4 7
8 8
8 8

2 0 2 2
1 2
2 3
3 4
4 5
5 6
6 7
1 1
1 1
2 8
8 8
8 8
3 7
4 6
5 7

2 0 2 1 2 2
1 2
2 3
3 4
4 5
5 6
6 7
7 8
2 7
3 5
4 6
1 1
1 1
8 8
8 8

2 0 2 1 2 1
1 2
2 3
3 4
4 5
5 6
6 7
7 8
1 1
1 1
2 4
3 6
5 7
8 8
8 8

2 1 0 1
1 2
2 3
3 4
4 5
5 6
6 7
7 8
1 1
1 1
2 6
3 7
4 5
8 8
8 8

2 1 0 3
1 2
2 3
3 4
4 5
5 6
6 7
7 8
1 1
1 1
2 7
3 6
4 5
8 8
8 8

2 1 1 0
1 2
2 3
3 4
4 5
5 6
6 7
7 8
1 1
1 1
2 4
3 7
5 6
8 8
8 8

2 1 1 2
1 2
2 3
3 4
4 5
5 6
6 7
1 1
1 1
2 8
8 8
8 8
3 7
4 7
5 6

2 1 2
1 2
2 3
3 4
4 5
5 6
6 7
7 8
1 1
1 1
2 3
4 6
5 7
8 8
8 8

2 1 3
1 2
2 3
3 4
4 5
5 6
6 7
1 1
1 1
2 4
3 8
8 8
8 8
5 7
6 7

2 2 0 0 0 4 P8
1 2
2 3
3 4
4 5
5 6
6 7
7 8
1 1
1 1
2 7
3 4
5 6
8 8
8 8

2 2 0 0 0 4 P6
1 2
2 3
3 4
4 5
5 6
1 6
1 6
2 7
7 7
7 7
3 4
5 8
8 8
8 8

2 2 0 0 4
1 2
2 3
3 4
4 5
5 6
6 7
1 1
1 1
2 8
8 8
8 8
3 7
4 5
6 7

2 2 0 2
1 2
2 3
3 4
4 5
5 6
6 7
7 8
1 1
1 1
2 3
4 7
5 6
8 8
8 8

2 2 2 P7 (48)
1 2
2 3
3 4
4 5
5 6
6 7
1 1
1 1
2 3
4 8
8 8
8 8
5 7
6 7

2 2 2 P7 (28)
1 2
2 3
3 4
4 5
5 6
6 7
1 1
1 1
2 8
8 8
8 8
3 4
5 7
6 7

2 3
1 2
2 3
3 4
4 5
5 6
6 7
7 8
1 1
1 1
2 3
4 5
6 7
8 8
8 8

3 0 0
1 2
2 3
3 4
4 5
5 6
6 7
1 1
1 1
2 5
4 8
8 8
8 8
3 6
7 7
7 7

3 0 1
1 2
2 3
3 4
4 5
5 6
6 7
1 1
1 1
2 6
3 5
4 8
7 7
7 7
8 8
8 8

3 0 2
1 2
2 3
3 4
4 5
5 6
6 7
1 1
1 1
2 4
3 5
6 8
7 7
7 7
8 8
8 8

3 1 2
1 2
2 3
3 4
4 5
5 6
1 1
1 1
2 7
7 7
7 7
3 8
8 8
8 8
4 6
5 6

3 1 0 2
1 2
2 3
3 4
4 5
5 6
6 7
1 1
1 1
2 5
3 4
6 8
8 8
8 8
7 7
7 7

3 1 1
1 2
2 3
3 4
4 5
5 6
6 7
1 1
1 1
2 3
4 6
5 8
8 8
8 8
7 7
7 7

3 1 0 0
1 2
2 3
3 4
4 5
5 6
1 1
1 1
2 6
3 8
8 8
8 8
4 7
7 7
7 7
5 6

3 2 P7 (28)
1 2
2 3
3 4
4 5
5 6
6 7
1 1
1 1
2 8
8 8
8 8
3 4
5 6
7 7
7 7

3 2 P7 (48)
1 2
2 3
3 4
4 5
5 6
6 7
1 1
1 1
2 3
4 8
8 8
8 8
5 6
7 7
7 7

4 0 0
1 2
2 3
3 4
4 5
5 6
1 1
1 1
2 5
3 8
8 8
8 8
4 7
7 7
7 7
6 6
6 6

4 0 1
1 2
2 3
3 4
4 5
5 6
1 1
1 1
2 4
3 7
7 7
7 7
5 8
8 8
8 8
6 6
6 6

4 1 P6 (58) (47)
1 2
2 3
3 4
4 5
5 6
1 1
1 1
2 3
4 7
7 7
7 7
5 8
8 8
8 8
6 6
6 6

4 1 P6 (58) (27)
1 2
2 3
3 4
4 5
5 6
1 1
1 1
2 7
7 7
7 7
3 4
5 8
8 8
8 8
6 6
6 6

5 0 0
1 2
2 3
3 4
4 5
1 1
1 1
2 6
6 6
6 6
3 8
8 8
8 8
4 7
7 7
7 7
5 5
5 5
